A = [3 4 3];
B = [3 4 7; 7 4 4; 8 4 3];
C = [1;6;9;];
P = 27;
(A*B*C)/P