a = [1 2 15 11;
    -2 4 3 61;
    -3 -8 11 12;
    15 7 8 -4;];
b = [2; 4; 5; 9];

X4 = a \ b;

X4

a = [1 -2 -3 15;
    2 4 -8 7;
    15 3 11 8;
    11 61 12 -4;];
b = [2 4 5 9];

X1 = b/a;

X2 = b * a^-1;

X3 = b * inv(a);

X1
X2
X3
